state:                         [dx, dy, dz, dphi, dtheta, dpsi]
RpjErr:                        
Iter:                          -- Nuber of iterations (swaps + correlations
LEDimagePts:                   [x1,y1,x2,y2,...,x5,y5] -- Correlated image points for LEDs

Camera Calibration File:       /Users/michaeldarling/Dropbox/Thesis/OpenCV/Calibration/Zoomed In/PS3Eye_out_camera_data.yml
3-D Model Points File:         /Users/michaeldarling/Dropbox/Thesis/OpenCV/Calibration/Zoomed In/LEDPos copy2.txt

Primary Error Tolerance:       0.026000       
Secondary Error Tolerance:     0.055000       


state                                                      RpjErr   Iter   ImagePts                                                                       
167.6857,-26.5480,027.6301,038.3944,-22.1421,013.4082    0.053813     18   127.86,277.63,133.67,320.67,69.22,252.22,232.13,414.46,99.53,264.27   0
     nan,     nan,     nan,     nan,     nan,     nan         nan      0    0.00, 0.00, 0.00, 0.00, 0.00, 0.00, 0.00, 0.00, 0.00, 0.00   0
     nan,     nan,     nan,     nan,     nan,     nan         nan      0    0.00, 0.00, 0.00, 0.00, 0.00, 0.00, 0.00, 0.00, 0.00, 0.00   0
     nan,     nan,     nan,     nan,     nan,     nan         nan      0    0.00, 0.00, 0.00, 0.00, 0.00, 0.00, 0.00, 0.00, 0.00, 0.00   0
     nan,     nan,     nan,     nan,     nan,     nan         nan      0    0.00, 0.00, 0.00, 0.00, 0.00, 0.00, 0.00, 0.00, 0.00, 0.00   0
     nan,     nan,     nan,     nan,     nan,     nan         nan      0    0.00, 0.00, 0.00, 0.00, 0.00, 0.00, 0.00, 0.00, 0.00, 0.00   0
     nan,     nan,     nan,     nan,     nan,     nan         nan      0    0.00, 0.00, 0.00, 0.00, 0.00, 0.00, 0.00, 0.00, 0.00, 0.00   0
     nan,     nan,     nan,     nan,     nan,     nan         nan      0    0.00, 0.00, 0.00, 0.00, 0.00, 0.00, 0.00, 0.00, 0.00, 0.00   0
     nan,     nan,     nan,     nan,     nan,     nan         nan      0    0.00, 0.00, 0.00, 0.00, 0.00, 0.00, 0.00, 0.00, 0.00, 0.00   0
     nan,     nan,     nan,     nan,     nan,     nan         nan      0    0.00, 0.00, 0.00, 0.00, 0.00, 0.00, 0.00, 0.00, 0.00, 0.00   0
     nan,     nan,     nan,     nan,     nan,     nan         nan      0    0.00, 0.00, 0.00, 0.00, 0.00, 0.00, 0.00, 0.00, 0.00, 0.00   0
     nan,     nan,     nan,     nan,     nan,     nan         nan      0    0.00, 0.00, 0.00, 0.00, 0.00, 0.00, 0.00, 0.00, 0.00, 0.00   0
     nan,     nan,     nan,     nan,     nan,     nan         nan      0    0.00, 0.00, 0.00, 0.00, 0.00, 0.00, 0.00, 0.00, 0.00, 0.00   0
     nan,     nan,     nan,     nan,     nan,     nan         nan      0    0.00, 0.00, 0.00, 0.00, 0.00, 0.00, 0.00, 0.00, 0.00, 0.00   0
     nan,     nan,     nan,     nan,     nan,     nan         nan      0    0.00, 0.00, 0.00, 0.00, 0.00, 0.00, 0.00, 0.00, 0.00, 0.00   0
     nan,     nan,     nan,     nan,     nan,     nan         nan      0    0.00, 0.00, 0.00, 0.00, 0.00, 0.00, 0.00, 0.00, 0.00, 0.00   0
     nan,     nan,     nan,     nan,     nan,     nan         nan      0    0.00, 0.00, 0.00, 0.00, 0.00, 0.00, 0.00, 0.00, 0.00, 0.00   0
     nan,     nan,     nan,     nan,     nan,     nan         nan      0    0.00, 0.00, 0.00, 0.00, 0.00, 0.00, 0.00, 0.00, 0.00, 0.00   0
     nan,     nan,     nan,     nan,     nan,     nan         nan      0    0.00, 0.00, 0.00, 0.00, 0.00, 0.00, 0.00, 0.00, 0.00, 0.00   0
     nan,     nan,     nan,     nan,     nan,     nan         nan      0    0.00, 0.00, 0.00, 0.00, 0.00, 0.00, 0.00, 0.00, 0.00, 0.00   0
     nan,     nan,     nan,     nan,     nan,     nan         nan      0    0.00, 0.00, 0.00, 0.00, 0.00, 0.00, 0.00, 0.00, 0.00, 0.00   0
     nan,     nan,     nan,     nan,     nan,     nan         nan      0    0.00, 0.00, 0.00, 0.00, 0.00, 0.00, 0.00, 0.00, 0.00, 0.00   0
     nan,     nan,     nan,     nan,     nan,     nan         nan      0    0.00, 0.00, 0.00, 0.00, 0.00, 0.00, 0.00, 0.00, 0.00, 0.00   0
     nan,     nan,     nan,     nan,     nan,     nan         nan      0    0.00, 0.00, 0.00, 0.00, 0.00, 0.00, 0.00, 0.00, 0.00, 0.00   0
     nan,     nan,     nan,     nan,     nan,     nan         nan      0    0.00, 0.00, 0.00, 0.00, 0.00, 0.00, 0.00, 0.00, 0.00, 0.00   0
     nan,     nan,     nan,     nan,     nan,     nan         nan      0    0.00, 0.00, 0.00, 0.00, 0.00, 0.00, 0.00, 0.00, 0.00, 0.00   0
     nan,     nan,     nan,     nan,     nan,     nan         nan      0    0.00, 0.00, 0.00, 0.00, 0.00, 0.00, 0.00, 0.00, 0.00, 0.00   0
     nan,     nan,     nan,     nan,     nan,     nan         nan      0    0.00, 0.00, 0.00, 0.00, 0.00, 0.00, 0.00, 0.00, 0.00, 0.00   0
     nan,     nan,     nan,     nan,     nan,     nan         nan      0    0.00, 0.00, 0.00, 0.00, 0.00, 0.00, 0.00, 0.00, 0.00, 0.00   0
     nan,     nan,     nan,     nan,     nan,     nan         nan      0    0.00, 0.00, 0.00, 0.00, 0.00, 0.00, 0.00, 0.00, 0.00, 0.00   0
     nan,     nan,     nan,     nan,     nan,     nan         nan      0    0.00, 0.00, 0.00, 0.00, 0.00, 0.00, 0.00, 0.00, 0.00, 0.00   0
     nan,     nan,     nan,     nan,     nan,     nan         nan      0    0.00, 0.00, 0.00, 0.00, 0.00, 0.00, 0.00, 0.00, 0.00, 0.00   0
     nan,     nan,     nan,     nan,     nan,     nan         nan      0    0.00, 0.00, 0.00, 0.00, 0.00, 0.00, 0.00, 0.00, 0.00, 0.00   0
     nan,     nan,     nan,     nan,     nan,     nan         nan      0    0.00, 0.00, 0.00, 0.00, 0.00, 0.00, 0.00, 0.00, 0.00, 0.00   0
     nan,     nan,     nan,     nan,     nan,     nan         nan      0    0.00, 0.00, 0.00, 0.00, 0.00, 0.00, 0.00, 0.00, 0.00, 0.00   0
     nan,     nan,     nan,     nan,     nan,     nan         nan      0    0.00, 0.00, 0.00, 0.00, 0.00, 0.00, 0.00, 0.00, 0.00, 0.00   0
     nan,     nan,     nan,     nan,     nan,     nan         nan      0    0.00, 0.00, 0.00, 0.00, 0.00, 0.00, 0.00, 0.00, 0.00, 0.00   0
     nan,     nan,     nan,     nan,     nan,     nan         nan      0    0.00, 0.00, 0.00, 0.00, 0.00, 0.00, 0.00, 0.00, 0.00, 0.00   0
     nan,     nan,     nan,     nan,     nan,     nan         nan      0    0.00, 0.00, 0.00, 0.00, 0.00, 0.00, 0.00, 0.00, 0.00, 0.00   0
     nan,     nan,     nan,     nan,     nan,     nan         nan      0    0.00, 0.00, 0.00, 0.00, 0.00, 0.00, 0.00, 0.00, 0.00, 0.00   0
     nan,     nan,     nan,     nan,     nan,     nan         nan      0    0.00, 0.00, 0.00, 0.00, 0.00, 0.00, 0.00, 0.00, 0.00, 0.00   0
     nan,     nan,     nan,     nan,     nan,     nan         nan      0    0.00, 0.00, 0.00, 0.00, 0.00, 0.00, 0.00, 0.00, 0.00, 0.00   0
     nan,     nan,     nan,     nan,     nan,     nan         nan      0    0.00, 0.00, 0.00, 0.00, 0.00, 0.00, 0.00, 0.00, 0.00, 0.00   0
     nan,     nan,     nan,     nan,     nan,     nan         nan      0    0.00, 0.00, 0.00, 0.00, 0.00, 0.00, 0.00, 0.00, 0.00, 0.00   0
     nan,     nan,     nan,     nan,     nan,     nan         nan      0    0.00, 0.00, 0.00, 0.00, 0.00, 0.00, 0.00, 0.00, 0.00, 0.00   0
     nan,     nan,     nan,     nan,     nan,     nan         nan      0    0.00, 0.00, 0.00, 0.00, 0.00, 0.00, 0.00, 0.00, 0.00, 0.00   0
     nan,     nan,     nan,     nan,     nan,     nan         nan      0    0.00, 0.00, 0.00, 0.00, 0.00, 0.00, 0.00, 0.00, 0.00, 0.00   0
     nan,     nan,     nan,     nan,     nan,     nan         nan      0    0.00, 0.00, 0.00, 0.00, 0.00, 0.00, 0.00, 0.00, 0.00, 0.00   0
     nan,     nan,     nan,     nan,     nan,     nan         nan      0    0.00, 0.00, 0.00, 0.00, 0.00, 0.00, 0.00, 0.00, 0.00, 0.00   0
     nan,     nan,     nan,     nan,     nan,     nan         nan      0    0.00, 0.00, 0.00, 0.00, 0.00, 0.00, 0.00, 0.00, 0.00, 0.00   0
     nan,     nan,     nan,     nan,     nan,     nan         nan      0    0.00, 0.00, 0.00, 0.00, 0.00, 0.00, 0.00, 0.00, 0.00, 0.00   0
     nan,     nan,     nan,     nan,     nan,     nan         nan      0    0.00, 0.00, 0.00, 0.00, 0.00, 0.00, 0.00, 0.00, 0.00, 0.00   0
     nan,     nan,     nan,     nan,     nan,     nan         nan      0    0.00, 0.00, 0.00, 0.00, 0.00, 0.00, 0.00, 0.00, 0.00, 0.00   0
     nan,     nan,     nan,     nan,     nan,     nan         nan      0    0.00, 0.00, 0.00, 0.00, 0.00, 0.00, 0.00, 0.00, 0.00, 0.00   0
     nan,     nan,     nan,     nan,     nan,     nan         nan      0    0.00, 0.00, 0.00, 0.00, 0.00, 0.00, 0.00, 0.00, 0.00, 0.00   0
     nan,     nan,     nan,     nan,     nan,     nan         nan      0    0.00, 0.00, 0.00, 0.00, 0.00, 0.00, 0.00, 0.00, 0.00, 0.00   0
     nan,     nan,     nan,     nan,     nan,     nan         nan      0    0.00, 0.00, 0.00, 0.00, 0.00, 0.00, 0.00, 0.00, 0.00, 0.00   0
     nan,     nan,     nan,     nan,     nan,     nan         nan      0    0.00, 0.00, 0.00, 0.00, 0.00, 0.00, 0.00, 0.00, 0.00, 0.00   0
     nan,     nan,     nan,     nan,     nan,     nan         nan      0    0.00, 0.00, 0.00, 0.00, 0.00, 0.00, 0.00, 0.00, 0.00, 0.00   0
     nan,     nan,     nan,     nan,     nan,     nan         nan      0    0.00, 0.00, 0.00, 0.00, 0.00, 0.00, 0.00, 0.00, 0.00, 0.00   0
     nan,     nan,     nan,     nan,     nan,     nan         nan      0    0.00, 0.00, 0.00, 0.00, 0.00, 0.00, 0.00, 0.00, 0.00, 0.00   0
     nan,     nan,     nan,     nan,     nan,     nan         nan      0    0.00, 0.00, 0.00, 0.00, 0.00, 0.00, 0.00, 0.00, 0.00, 0.00   0
     nan,     nan,     nan,     nan,     nan,     nan         nan      0    0.00, 0.00, 0.00, 0.00, 0.00, 0.00, 0.00, 0.00, 0.00, 0.00   0
     nan,     nan,     nan,     nan,     nan,     nan         nan      0    0.00, 0.00, 0.00, 0.00, 0.00, 0.00, 0.00, 0.00, 0.00, 0.00   0
     nan,     nan,     nan,     nan,     nan,     nan         nan      0    0.00, 0.00, 0.00, 0.00, 0.00, 0.00, 0.00, 0.00, 0.00, 0.00   0
     nan,     nan,     nan,     nan,     nan,     nan         nan      0    0.00, 0.00, 0.00, 0.00, 0.00, 0.00, 0.00, 0.00, 0.00, 0.00   0
     nan,     nan,     nan,     nan,     nan,     nan         nan      0    0.00, 0.00, 0.00, 0.00, 0.00, 0.00, 0.00, 0.00, 0.00, 0.00   0
     nan,     nan,     nan,     nan,     nan,     nan         nan      0    0.00, 0.00, 0.00, 0.00, 0.00, 0.00, 0.00, 0.00, 0.00, 0.00   0
     nan,     nan,     nan,     nan,     nan,     nan         nan      0    0.00, 0.00, 0.00, 0.00, 0.00, 0.00, 0.00, 0.00, 0.00, 0.00   0
     nan,     nan,     nan,     nan,     nan,     nan         nan      0    0.00, 0.00, 0.00, 0.00, 0.00, 0.00, 0.00, 0.00, 0.00, 0.00   0
     nan,     nan,     nan,     nan,     nan,     nan         nan      0    0.00, 0.00, 0.00, 0.00, 0.00, 0.00, 0.00, 0.00, 0.00, 0.00   0
     nan,     nan,     nan,     nan,     nan,     nan         nan      0    0.00, 0.00, 0.00, 0.00, 0.00, 0.00, 0.00, 0.00, 0.00, 0.00   0
     nan,     nan,     nan,     nan,     nan,     nan         nan      0    0.00, 0.00, 0.00, 0.00, 0.00, 0.00, 0.00, 0.00, 0.00, 0.00   0
     nan,     nan,     nan,     nan,     nan,     nan         nan      0    0.00, 0.00, 0.00, 0.00, 0.00, 0.00, 0.00, 0.00, 0.00, 0.00   0
     nan,     nan,     nan,     nan,     nan,     nan         nan      0    0.00, 0.00, 0.00, 0.00, 0.00, 0.00, 0.00, 0.00, 0.00, 0.00   0
     nan,     nan,     nan,     nan,     nan,     nan         nan      0    0.00, 0.00, 0.00, 0.00, 0.00, 0.00, 0.00, 0.00, 0.00, 0.00   0
     nan,     nan,     nan,     nan,     nan,     nan         nan      0    0.00, 0.00, 0.00, 0.00, 0.00, 0.00, 0.00, 0.00, 0.00, 0.00   0
     nan,     nan,     nan,     nan,     nan,     nan         nan      0    0.00, 0.00, 0.00, 0.00, 0.00, 0.00, 0.00, 0.00, 0.00, 0.00   0
     nan,     nan,     nan,     nan,     nan,     nan         nan      0    0.00, 0.00, 0.00, 0.00, 0.00, 0.00, 0.00, 0.00, 0.00, 0.00   0
     nan,     nan,     nan,     nan,     nan,     nan         nan      0    0.00, 0.00, 0.00, 0.00, 0.00, 0.00, 0.00, 0.00, 0.00, 0.00   0
     nan,     nan,     nan,     nan,     nan,     nan         nan      0    0.00, 0.00, 0.00, 0.00, 0.00, 0.00, 0.00, 0.00, 0.00, 0.00   0
     nan,     nan,     nan,     nan,     nan,     nan         nan      0    0.00, 0.00, 0.00, 0.00, 0.00, 0.00, 0.00, 0.00, 0.00, 0.00   0
     nan,     nan,     nan,     nan,     nan,     nan         nan      0    0.00, 0.00, 0.00, 0.00, 0.00, 0.00, 0.00, 0.00, 0.00, 0.00   0
     nan,     nan,     nan,     nan,     nan,     nan         nan      0    0.00, 0.00, 0.00, 0.00, 0.00, 0.00, 0.00, 0.00, 0.00, 0.00   0
     nan,     nan,     nan,     nan,     nan,     nan         nan      0    0.00, 0.00, 0.00, 0.00, 0.00, 0.00, 0.00, 0.00, 0.00, 0.00   0
     nan,     nan,     nan,     nan,     nan,     nan         nan      0    0.00, 0.00, 0.00, 0.00, 0.00, 0.00, 0.00, 0.00, 0.00, 0.00   0
     nan,     nan,     nan,     nan,     nan,     nan         nan      0    0.00, 0.00, 0.00, 0.00, 0.00, 0.00, 0.00, 0.00, 0.00, 0.00   0
     nan,     nan,     nan,     nan,     nan,     nan         nan      0    0.00, 0.00, 0.00, 0.00, 0.00, 0.00, 0.00, 0.00, 0.00, 0.00   0
     nan,     nan,     nan,     nan,     nan,     nan         nan      0    0.00, 0.00, 0.00, 0.00, 0.00, 0.00, 0.00, 0.00, 0.00, 0.00   0
     nan,     nan,     nan,     nan,     nan,     nan         nan      0    0.00, 0.00, 0.00, 0.00, 0.00, 0.00, 0.00, 0.00, 0.00, 0.00   0
     nan,     nan,     nan,     nan,     nan,     nan         nan      0    0.00, 0.00, 0.00, 0.00, 0.00, 0.00, 0.00, 0.00, 0.00, 0.00   0
     nan,     nan,     nan,     nan,     nan,     nan         nan      0    0.00, 0.00, 0.00, 0.00, 0.00, 0.00, 0.00, 0.00, 0.00, 0.00   0
     nan,     nan,     nan,     nan,     nan,     nan         nan      0    0.00, 0.00, 0.00, 0.00, 0.00, 0.00, 0.00, 0.00, 0.00, 0.00   0
     nan,     nan,     nan,     nan,     nan,     nan         nan      0    0.00, 0.00, 0.00, 0.00, 0.00, 0.00, 0.00, 0.00, 0.00, 0.00   0
     nan,     nan,     nan,     nan,     nan,     nan         nan      0    0.00, 0.00, 0.00, 0.00, 0.00, 0.00, 0.00, 0.00, 0.00, 0.00   0
     nan,     nan,     nan,     nan,     nan,     nan         nan      0    0.00, 0.00, 0.00, 0.00, 0.00, 0.00, 0.00, 0.00, 0.00, 0.00   0
     nan,     nan,     nan,     nan,     nan,     nan         nan      0    0.00, 0.00, 0.00, 0.00, 0.00, 0.00, 0.00, 0.00, 0.00, 0.00   0
     nan,     nan,     nan,     nan,     nan,     nan         nan      0    0.00, 0.00, 0.00, 0.00, 0.00, 0.00, 0.00, 0.00, 0.00, 0.00   0
     nan,     nan,     nan,     nan,     nan,     nan         nan      0    0.00, 0.00, 0.00, 0.00, 0.00, 0.00, 0.00, 0.00, 0.00, 0.00   0
     nan,     nan,     nan,     nan,     nan,     nan         nan      0    0.00, 0.00, 0.00, 0.00, 0.00, 0.00, 0.00, 0.00, 0.00, 0.00   0
     nan,     nan,     nan,     nan,     nan,     nan         nan      0    0.00, 0.00, 0.00, 0.00, 0.00, 0.00, 0.00, 0.00, 0.00, 0.00   0
     nan,     nan,     nan,     nan,     nan,     nan         nan      0    0.00, 0.00, 0.00, 0.00, 0.00, 0.00, 0.00, 0.00, 0.00, 0.00   0
     nan,     nan,     nan,     nan,     nan,     nan         nan      0    0.00, 0.00, 0.00, 0.00, 0.00, 0.00, 0.00, 0.00, 0.00, 0.00   0
     nan,     nan,     nan,     nan,     nan,     nan         nan      0    0.00, 0.00, 0.00, 0.00, 0.00, 0.00, 0.00, 0.00, 0.00, 0.00   0
     nan,     nan,     nan,     nan,     nan,     nan         nan      0    0.00, 0.00, 0.00, 0.00, 0.00, 0.00, 0.00, 0.00, 0.00, 0.00   0
     nan,     nan,     nan,     nan,     nan,     nan         nan      0    0.00, 0.00, 0.00, 0.00, 0.00, 0.00, 0.00, 0.00, 0.00, 0.00   0
     nan,     nan,     nan,     nan,     nan,     nan         nan      0    0.00, 0.00, 0.00, 0.00, 0.00, 0.00, 0.00, 0.00, 0.00, 0.00   0
     nan,     nan,     nan,     nan,     nan,     nan         nan      0    0.00, 0.00, 0.00, 0.00, 0.00, 0.00, 0.00, 0.00, 0.00, 0.00   0
     nan,     nan,     nan,     nan,     nan,     nan         nan      0    0.00, 0.00, 0.00, 0.00, 0.00, 0.00, 0.00, 0.00, 0.00, 0.00   0
     nan,     nan,     nan,     nan,     nan,     nan         nan      0    0.00, 0.00, 0.00, 0.00, 0.00, 0.00, 0.00, 0.00, 0.00, 0.00   0
     nan,     nan,     nan,     nan,     nan,     nan         nan      0    0.00, 0.00, 0.00, 0.00, 0.00, 0.00, 0.00, 0.00, 0.00, 0.00   0
     nan,     nan,     nan,     nan,     nan,     nan         nan      0    0.00, 0.00, 0.00, 0.00, 0.00, 0.00, 0.00, 0.00, 0.00, 0.00   0
     nan,     nan,     nan,     nan,     nan,     nan         nan      0    0.00, 0.00, 0.00, 0.00, 0.00, 0.00, 0.00, 0.00, 0.00, 0.00   0
     nan,     nan,     nan,     nan,     nan,     nan         nan      0    0.00, 0.00, 0.00, 0.00, 0.00, 0.00, 0.00, 0.00, 0.00, 0.00   0
     nan,     nan,     nan,     nan,     nan,     nan         nan      0    0.00, 0.00, 0.00, 0.00, 0.00, 0.00, 0.00, 0.00, 0.00, 0.00   0
     nan,     nan,     nan,     nan,     nan,     nan         nan      0    0.00, 0.00, 0.00, 0.00, 0.00, 0.00, 0.00, 0.00, 0.00, 0.00   0
     nan,     nan,     nan,     nan,     nan,     nan         nan      0    0.00, 0.00, 0.00, 0.00, 0.00, 0.00, 0.00, 0.00, 0.00, 0.00   0
     nan,     nan,     nan,     nan,     nan,     nan         nan      0    0.00, 0.00, 0.00, 0.00, 0.00, 0.00, 0.00, 0.00, 0.00, 0.00   0
     nan,     nan,     nan,     nan,     nan,     nan         nan      0    0.00, 0.00, 0.00, 0.00, 0.00, 0.00, 0.00, 0.00, 0.00, 0.00   0
     nan,     nan,     nan,     nan,     nan,     nan         nan      0    0.00, 0.00, 0.00, 0.00, 0.00, 0.00, 0.00, 0.00, 0.00, 0.00   0
     nan,     nan,     nan,     nan,     nan,     nan         nan      0    0.00, 0.00, 0.00, 0.00, 0.00, 0.00, 0.00, 0.00, 0.00, 0.00   0
     nan,     nan,     nan,     nan,     nan,     nan         nan      0    0.00, 0.00, 0.00, 0.00, 0.00, 0.00, 0.00, 0.00, 0.00, 0.00   0
     nan,     nan,     nan,     nan,     nan,     nan         nan      0    0.00, 0.00, 0.00, 0.00, 0.00, 0.00, 0.00, 0.00, 0.00, 0.00   0
     nan,     nan,     nan,     nan,     nan,     nan         nan      0    0.00, 0.00, 0.00, 0.00, 0.00, 0.00, 0.00, 0.00, 0.00, 0.00   0
     nan,     nan,     nan,     nan,     nan,     nan         nan      0    0.00, 0.00, 0.00, 0.00, 0.00, 0.00, 0.00, 0.00, 0.00, 0.00   0
     nan,     nan,     nan,     nan,     nan,     nan         nan      0    0.00, 0.00, 0.00, 0.00, 0.00, 0.00, 0.00, 0.00, 0.00, 0.00   0
     nan,     nan,     nan,     nan,     nan,     nan         nan      0    0.00, 0.00, 0.00, 0.00, 0.00, 0.00, 0.00, 0.00, 0.00, 0.00   0
     nan,     nan,     nan,     nan,     nan,     nan         nan      0    0.00, 0.00, 0.00, 0.00, 0.00, 0.00, 0.00, 0.00, 0.00, 0.00   0
     nan,     nan,     nan,     nan,     nan,     nan         nan      0    0.00, 0.00, 0.00, 0.00, 0.00, 0.00, 0.00, 0.00, 0.00, 0.00   0
     nan,     nan,     nan,     nan,     nan,     nan         nan      0    0.00, 0.00, 0.00, 0.00, 0.00, 0.00, 0.00, 0.00, 0.00, 0.00   0
     nan,     nan,     nan,     nan,     nan,     nan         nan      0    0.00, 0.00, 0.00, 0.00, 0.00, 0.00, 0.00, 0.00, 0.00, 0.00   0
     nan,     nan,     nan,     nan,     nan,     nan         nan      0    0.00, 0.00, 0.00, 0.00, 0.00, 0.00, 0.00, 0.00, 0.00, 0.00   0
     nan,     nan,     nan,     nan,     nan,     nan         nan      0    0.00, 0.00, 0.00, 0.00, 0.00, 0.00, 0.00, 0.00, 0.00, 0.00   0
     nan,     nan,     nan,     nan,     nan,     nan         nan      0    0.00, 0.00, 0.00, 0.00, 0.00, 0.00, 0.00, 0.00, 0.00, 0.00   0
     nan,     nan,     nan,     nan,     nan,     nan         nan      0    0.00, 0.00, 0.00, 0.00, 0.00, 0.00, 0.00, 0.00, 0.00, 0.00   0
     nan,     nan,     nan,     nan,     nan,     nan         nan      0    0.00, 0.00, 0.00, 0.00, 0.00, 0.00, 0.00, 0.00, 0.00, 0.00   0
     nan,     nan,     nan,     nan,     nan,     nan         nan      0    0.00, 0.00, 0.00, 0.00, 0.00, 0.00, 0.00, 0.00, 0.00, 0.00   0
     nan,     nan,     nan,     nan,     nan,     nan         nan      0    0.00, 0.00, 0.00, 0.00, 0.00, 0.00, 0.00, 0.00, 0.00, 0.00   0
     nan,     nan,     nan,     nan,     nan,     nan         nan      0    0.00, 0.00, 0.00, 0.00, 0.00, 0.00, 0.00, 0.00, 0.00, 0.00   0
     nan,     nan,     nan,     nan,     nan,     nan         nan      0    0.00, 0.00, 0.00, 0.00, 0.00, 0.00, 0.00, 0.00, 0.00, 0.00   0
     nan,     nan,     nan,     nan,     nan,     nan         nan      0    0.00, 0.00, 0.00, 0.00, 0.00, 0.00, 0.00, 0.00, 0.00, 0.00   0
     nan,     nan,     nan,     nan,     nan,     nan         nan      0    0.00, 0.00, 0.00, 0.00, 0.00, 0.00, 0.00, 0.00, 0.00, 0.00   0
     nan,     nan,     nan,     nan,     nan,     nan         nan      0    0.00, 0.00, 0.00, 0.00, 0.00, 0.00, 0.00, 0.00, 0.00, 0.00   0
     nan,     nan,     nan,     nan,     nan,     nan         nan      0    0.00, 0.00, 0.00, 0.00, 0.00, 0.00, 0.00, 0.00, 0.00, 0.00   0
     nan,     nan,     nan,     nan,     nan,     nan         nan      0    0.00, 0.00, 0.00, 0.00, 0.00, 0.00, 0.00, 0.00, 0.00, 0.00   0
     nan,     nan,     nan,     nan,     nan,     nan         nan      0    0.00, 0.00, 0.00, 0.00, 0.00, 0.00, 0.00, 0.00, 0.00, 0.00   0
     nan,     nan,     nan,     nan,     nan,     nan         nan      0    0.00, 0.00, 0.00, 0.00, 0.00, 0.00, 0.00, 0.00, 0.00, 0.00   0
     nan,     nan,     nan,     nan,     nan,     nan         nan      0    0.00, 0.00, 0.00, 0.00, 0.00, 0.00, 0.00, 0.00, 0.00, 0.00   0
     nan,     nan,     nan,     nan,     nan,     nan         nan      0    0.00, 0.00, 0.00, 0.00, 0.00, 0.00, 0.00, 0.00, 0.00, 0.00   0
     nan,     nan,     nan,     nan,     nan,     nan         nan      0    0.00, 0.00, 0.00, 0.00, 0.00, 0.00, 0.00, 0.00, 0.00, 0.00   0
     nan,     nan,     nan,     nan,     nan,     nan         nan      0    0.00, 0.00, 0.00, 0.00, 0.00, 0.00, 0.00, 0.00, 0.00, 0.00   0
     nan,     nan,     nan,     nan,     nan,     nan         nan      0    0.00, 0.00, 0.00, 0.00, 0.00, 0.00, 0.00, 0.00, 0.00, 0.00   0
     nan,     nan,     nan,     nan,     nan,     nan         nan      0    0.00, 0.00, 0.00, 0.00, 0.00, 0.00, 0.00, 0.00, 0.00, 0.00   0
     nan,     nan,     nan,     nan,     nan,     nan         nan      0    0.00, 0.00, 0.00, 0.00, 0.00, 0.00, 0.00, 0.00, 0.00, 0.00   0
     nan,     nan,     nan,     nan,     nan,     nan         nan      0    0.00, 0.00, 0.00, 0.00, 0.00, 0.00, 0.00, 0.00, 0.00, 0.00   0
     nan,     nan,     nan,     nan,     nan,     nan         nan      0    0.00, 0.00, 0.00, 0.00, 0.00, 0.00, 0.00, 0.00, 0.00, 0.00   0
     nan,     nan,     nan,     nan,     nan,     nan         nan      0    0.00, 0.00, 0.00, 0.00, 0.00, 0.00, 0.00, 0.00, 0.00, 0.00   0
     nan,     nan,     nan,     nan,     nan,     nan         nan      0    0.00, 0.00, 0.00, 0.00, 0.00, 0.00, 0.00, 0.00, 0.00, 0.00   0
     nan,     nan,     nan,     nan,     nan,     nan         nan      0    0.00, 0.00, 0.00, 0.00, 0.00, 0.00, 0.00, 0.00, 0.00, 0.00   0
     nan,     nan,     nan,     nan,     nan,     nan         nan      0    0.00, 0.00, 0.00, 0.00, 0.00, 0.00, 0.00, 0.00, 0.00, 0.00   0
     nan,     nan,     nan,     nan,     nan,     nan         nan      0    0.00, 0.00, 0.00, 0.00, 0.00, 0.00, 0.00, 0.00, 0.00, 0.00   0
     nan,     nan,     nan,     nan,     nan,     nan         nan      0    0.00, 0.00, 0.00, 0.00, 0.00, 0.00, 0.00, 0.00, 0.00, 0.00   0
     nan,     nan,     nan,     nan,     nan,     nan         nan      0    0.00, 0.00, 0.00, 0.00, 0.00, 0.00, 0.00, 0.00, 0.00, 0.00   0
     nan,     nan,     nan,     nan,     nan,     nan         nan      0    0.00, 0.00, 0.00, 0.00, 0.00, 0.00, 0.00, 0.00, 0.00, 0.00   0
     nan,     nan,     nan,     nan,     nan,     nan         nan      0    0.00, 0.00, 0.00, 0.00, 0.00, 0.00, 0.00, 0.00, 0.00, 0.00   0
     nan,     nan,     nan,     nan,     nan,     nan         nan      0    0.00, 0.00, 0.00, 0.00, 0.00, 0.00, 0.00, 0.00, 0.00, 0.00   0
     nan,     nan,     nan,     nan,     nan,     nan         nan      0    0.00, 0.00, 0.00, 0.00, 0.00, 0.00, 0.00, 0.00, 0.00, 0.00   0
     nan,     nan,     nan,     nan,     nan,     nan         nan      0    0.00, 0.00, 0.00, 0.00, 0.00, 0.00, 0.00, 0.00, 0.00, 0.00   0
     nan,     nan,     nan,     nan,     nan,     nan         nan      0    0.00, 0.00, 0.00, 0.00, 0.00, 0.00, 0.00, 0.00, 0.00, 0.00   0
     nan,     nan,     nan,     nan,     nan,     nan         nan      0    0.00, 0.00, 0.00, 0.00, 0.00, 0.00, 0.00, 0.00, 0.00, 0.00   0
     nan,     nan,     nan,     nan,     nan,     nan         nan      0    0.00, 0.00, 0.00, 0.00, 0.00, 0.00, 0.00, 0.00, 0.00, 0.00   0
     nan,     nan,     nan,     nan,     nan,     nan         nan      0    0.00, 0.00, 0.00, 0.00, 0.00, 0.00, 0.00, 0.00, 0.00, 0.00   0
     nan,     nan,     nan,     nan,     nan,     nan         nan      0    0.00, 0.00, 0.00, 0.00, 0.00, 0.00, 0.00, 0.00, 0.00, 0.00   0
     nan,     nan,     nan,     nan,     nan,     nan         nan      0    0.00, 0.00, 0.00, 0.00, 0.00, 0.00, 0.00, 0.00, 0.00, 0.00   0
     nan,     nan,     nan,     nan,     nan,     nan         nan      0    0.00, 0.00, 0.00, 0.00, 0.00, 0.00, 0.00, 0.00, 0.00, 0.00   0
     nan,     nan,     nan,     nan,     nan,     nan         nan      0    0.00, 0.00, 0.00, 0.00, 0.00, 0.00, 0.00, 0.00, 0.00, 0.00   0
     nan,     nan,     nan,     nan,     nan,     nan         nan      0    0.00, 0.00, 0.00, 0.00, 0.00, 0.00, 0.00, 0.00, 0.00, 0.00   0
     nan,     nan,     nan,     nan,     nan,     nan         nan      0    0.00, 0.00, 0.00, 0.00, 0.00, 0.00, 0.00, 0.00, 0.00, 0.00   0
     nan,     nan,     nan,     nan,     nan,     nan         nan      0    0.00, 0.00, 0.00, 0.00, 0.00, 0.00, 0.00, 0.00, 0.00, 0.00   0
     nan,     nan,     nan,     nan,     nan,     nan         nan      0    0.00, 0.00, 0.00, 0.00, 0.00, 0.00, 0.00, 0.00, 0.00, 0.00   0
     nan,     nan,     nan,     nan,     nan,     nan         nan      0    0.00, 0.00, 0.00, 0.00, 0.00, 0.00, 0.00, 0.00, 0.00, 0.00   0
     nan,     nan,     nan,     nan,     nan,     nan         nan      0    0.00, 0.00, 0.00, 0.00, 0.00, 0.00, 0.00, 0.00, 0.00, 0.00   0
     nan,     nan,     nan,     nan,     nan,     nan         nan      0    0.00, 0.00, 0.00, 0.00, 0.00, 0.00, 0.00, 0.00, 0.00, 0.00   0
     nan,     nan,     nan,     nan,     nan,     nan         nan      0    0.00, 0.00, 0.00, 0.00, 0.00, 0.00, 0.00, 0.00, 0.00, 0.00   0
     nan,     nan,     nan,     nan,     nan,     nan         nan      0    0.00, 0.00, 0.00, 0.00, 0.00, 0.00, 0.00, 0.00, 0.00, 0.00   0
     nan,     nan,     nan,     nan,     nan,     nan         nan      0    0.00, 0.00, 0.00, 0.00, 0.00, 0.00, 0.00, 0.00, 0.00, 0.00   0
     nan,     nan,     nan,     nan,     nan,     nan         nan      0    0.00, 0.00, 0.00, 0.00, 0.00, 0.00, 0.00, 0.00, 0.00, 0.00   0
     nan,     nan,     nan,     nan,     nan,     nan         nan      0    0.00, 0.00, 0.00, 0.00, 0.00, 0.00, 0.00, 0.00, 0.00, 0.00   0
     nan,     nan,     nan,     nan,     nan,     nan         nan      0    0.00, 0.00, 0.00, 0.00, 0.00, 0.00, 0.00, 0.00, 0.00, 0.00   0
     nan,     nan,     nan,     nan,     nan,     nan         nan      0    0.00, 0.00, 0.00, 0.00, 0.00, 0.00, 0.00, 0.00, 0.00, 0.00   0
     nan,     nan,     nan,     nan,     nan,     nan         nan      0    0.00, 0.00, 0.00, 0.00, 0.00, 0.00, 0.00, 0.00, 0.00, 0.00   0
     nan,     nan,     nan,     nan,     nan,     nan         nan      0    0.00, 0.00, 0.00, 0.00, 0.00, 0.00, 0.00, 0.00, 0.00, 0.00   0
     nan,     nan,     nan,     nan,     nan,     nan         nan      0    0.00, 0.00, 0.00, 0.00, 0.00, 0.00, 0.00, 0.00, 0.00, 0.00   0
     nan,     nan,     nan,     nan,     nan,     nan         nan      0    0.00, 0.00, 0.00, 0.00, 0.00, 0.00, 0.00, 0.00, 0.00, 0.00   0
     nan,     nan,     nan,     nan,     nan,     nan         nan      0    0.00, 0.00, 0.00, 0.00, 0.00, 0.00, 0.00, 0.00, 0.00, 0.00   0
     nan,     nan,     nan,     nan,     nan,     nan         nan      0    0.00, 0.00, 0.00, 0.00, 0.00, 0.00, 0.00, 0.00, 0.00, 0.00   0
     nan,     nan,     nan,     nan,     nan,     nan         nan      0    0.00, 0.00, 0.00, 0.00, 0.00, 0.00, 0.00, 0.00, 0.00, 0.00   0
     nan,     nan,     nan,     nan,     nan,     nan         nan      0    0.00, 0.00, 0.00, 0.00, 0.00, 0.00, 0.00, 0.00, 0.00, 0.00   0
     nan,     nan,     nan,     nan,     nan,     nan         nan      0    0.00, 0.00, 0.00, 0.00, 0.00, 0.00, 0.00, 0.00, 0.00, 0.00   0
     nan,     nan,     nan,     nan,     nan,     nan         nan      0    0.00, 0.00, 0.00, 0.00, 0.00, 0.00, 0.00, 0.00, 0.00, 0.00   0
     nan,     nan,     nan,     nan,     nan,     nan         nan      0    0.00, 0.00, 0.00, 0.00, 0.00, 0.00, 0.00, 0.00, 0.00, 0.00   0
     nan,     nan,     nan,     nan,     nan,     nan         nan      0    0.00, 0.00, 0.00, 0.00, 0.00, 0.00, 0.00, 0.00, 0.00, 0.00   0
     nan,     nan,     nan,     nan,     nan,     nan         nan      0    0.00, 0.00, 0.00, 0.00, 0.00, 0.00, 0.00, 0.00, 0.00, 0.00   0
     nan,     nan,     nan,     nan,     nan,     nan         nan      0    0.00, 0.00, 0.00, 0.00, 0.00, 0.00, 0.00, 0.00, 0.00, 0.00   0
     nan,     nan,     nan,     nan,     nan,     nan         nan      0    0.00, 0.00, 0.00, 0.00, 0.00, 0.00, 0.00, 0.00, 0.00, 0.00   0
     nan,     nan,     nan,     nan,     nan,     nan         nan      0    0.00, 0.00, 0.00, 0.00, 0.00, 0.00, 0.00, 0.00, 0.00, 0.00   0
     nan,     nan,     nan,     nan,     nan,     nan         nan      0    0.00, 0.00, 0.00, 0.00, 0.00, 0.00, 0.00, 0.00, 0.00, 0.00   0
     nan,     nan,     nan,     nan,     nan,     nan         nan      0    0.00, 0.00, 0.00, 0.00, 0.00, 0.00, 0.00, 0.00, 0.00, 0.00   0
     nan,     nan,     nan,     nan,     nan,     nan         nan      0    0.00, 0.00, 0.00, 0.00, 0.00, 0.00, 0.00, 0.00, 0.00, 0.00   0
     nan,     nan,     nan,     nan,     nan,     nan         nan      0    0.00, 0.00, 0.00, 0.00, 0.00, 0.00, 0.00, 0.00, 0.00, 0.00   0
     nan,     nan,     nan,     nan,     nan,     nan         nan      0    0.00, 0.00, 0.00, 0.00, 0.00, 0.00, 0.00, 0.00, 0.00, 0.00   0
     nan,     nan,     nan,     nan,     nan,     nan         nan      0    0.00, 0.00, 0.00, 0.00, 0.00, 0.00, 0.00, 0.00, 0.00, 0.00   0
     nan,     nan,     nan,     nan,     nan,     nan         nan      0    0.00, 0.00, 0.00, 0.00, 0.00, 0.00, 0.00, 0.00, 0.00, 0.00   0
     nan,     nan,     nan,     nan,     nan,     nan         nan      0    0.00, 0.00, 0.00, 0.00, 0.00, 0.00, 0.00, 0.00, 0.00, 0.00   0
     nan,     nan,     nan,     nan,     nan,     nan         nan      0    0.00, 0.00, 0.00, 0.00, 0.00, 0.00, 0.00, 0.00, 0.00, 0.00   0
     nan,     nan,     nan,     nan,     nan,     nan         nan      0    0.00, 0.00, 0.00, 0.00, 0.00, 0.00, 0.00, 0.00, 0.00, 0.00   0
     nan,     nan,     nan,     nan,     nan,     nan         nan      0    0.00, 0.00, 0.00, 0.00, 0.00, 0.00, 0.00, 0.00, 0.00, 0.00   0
     nan,     nan,     nan,     nan,     nan,     nan         nan      0    0.00, 0.00, 0.00, 0.00, 0.00, 0.00, 0.00, 0.00, 0.00, 0.00   0
     nan,     nan,     nan,     nan,     nan,     nan         nan      0    0.00, 0.00, 0.00, 0.00, 0.00, 0.00, 0.00, 0.00, 0.00, 0.00   0
     nan,     nan,     nan,     nan,     nan,     nan         nan      0    0.00, 0.00, 0.00, 0.00, 0.00, 0.00, 0.00, 0.00, 0.00, 0.00   0
     nan,     nan,     nan,     nan,     nan,     nan         nan      0    0.00, 0.00, 0.00, 0.00, 0.00, 0.00, 0.00, 0.00, 0.00, 0.00   0
     nan,     nan,     nan,     nan,     nan,     nan         nan      0    0.00, 0.00, 0.00, 0.00, 0.00, 0.00, 0.00, 0.00, 0.00, 0.00   0
     nan,     nan,     nan,     nan,     nan,     nan         nan      0    0.00, 0.00, 0.00, 0.00, 0.00, 0.00, 0.00, 0.00, 0.00, 0.00   0
     nan,     nan,     nan,     nan,     nan,     nan         nan      0    0.00, 0.00, 0.00, 0.00, 0.00, 0.00, 0.00, 0.00, 0.00, 0.00   0
     nan,     nan,     nan,     nan,     nan,     nan         nan      0    0.00, 0.00, 0.00, 0.00, 0.00, 0.00, 0.00, 0.00, 0.00, 0.00   0
     nan,     nan,     nan,     nan,     nan,     nan         nan      0    0.00, 0.00, 0.00, 0.00, 0.00, 0.00, 0.00, 0.00, 0.00, 0.00   0
     nan,     nan,     nan,     nan,     nan,     nan         nan      0    0.00, 0.00, 0.00, 0.00, 0.00, 0.00, 0.00, 0.00, 0.00, 0.00   0
     nan,     nan,     nan,     nan,     nan,     nan         nan      0    0.00, 0.00, 0.00, 0.00, 0.00, 0.00, 0.00, 0.00, 0.00, 0.00   0
     nan,     nan,     nan,     nan,     nan,     nan         nan      0    0.00, 0.00, 0.00, 0.00, 0.00, 0.00, 0.00, 0.00, 0.00, 0.00   0
     nan,     nan,     nan,     nan,     nan,     nan         nan      0    0.00, 0.00, 0.00, 0.00, 0.00, 0.00, 0.00, 0.00, 0.00, 0.00   0
     nan,     nan,     nan,     nan,     nan,     nan         nan      0    0.00, 0.00, 0.00, 0.00, 0.00, 0.00, 0.00, 0.00, 0.00, 0.00   0
     nan,     nan,     nan,     nan,     nan,     nan         nan      0    0.00, 0.00, 0.00, 0.00, 0.00, 0.00, 0.00, 0.00, 0.00, 0.00   0
     nan,     nan,     nan,     nan,     nan,     nan         nan      0    0.00, 0.00, 0.00, 0.00, 0.00, 0.00, 0.00, 0.00, 0.00, 0.00   0
     nan,     nan,     nan,     nan,     nan,     nan         nan      0    0.00, 0.00, 0.00, 0.00, 0.00, 0.00, 0.00, 0.00, 0.00, 0.00   0
     nan,     nan,     nan,     nan,     nan,     nan         nan      0    0.00, 0.00, 0.00, 0.00, 0.00, 0.00, 0.00, 0.00, 0.00, 0.00   0
     nan,     nan,     nan,     nan,     nan,     nan         nan      0    0.00, 0.00, 0.00, 0.00, 0.00, 0.00, 0.00, 0.00, 0.00, 0.00   0
     nan,     nan,     nan,     nan,     nan,     nan         nan      0    0.00, 0.00, 0.00, 0.00, 0.00, 0.00, 0.00, 0.00, 0.00, 0.00   0
     nan,     nan,     nan,     nan,     nan,     nan         nan      0    0.00, 0.00, 0.00, 0.00, 0.00, 0.00, 0.00, 0.00, 0.00, 0.00   0
     nan,     nan,     nan,     nan,     nan,     nan         nan      0    0.00, 0.00, 0.00, 0.00, 0.00, 0.00, 0.00, 0.00, 0.00, 0.00   0
     nan,     nan,     nan,     nan,     nan,     nan         nan      0    0.00, 0.00, 0.00, 0.00, 0.00, 0.00, 0.00, 0.00, 0.00, 0.00   0
     nan,     nan,     nan,     nan,     nan,     nan         nan      0    0.00, 0.00, 0.00, 0.00, 0.00, 0.00, 0.00, 0.00, 0.00, 0.00   0
     nan,     nan,     nan,     nan,     nan,     nan         nan      0    0.00, 0.00, 0.00, 0.00, 0.00, 0.00, 0.00, 0.00, 0.00, 0.00   0
     nan,     nan,     nan,     nan,     nan,     nan         nan      0    0.00, 0.00, 0.00, 0.00, 0.00, 0.00, 0.00, 0.00, 0.00, 0.00   0
     nan,     nan,     nan,     nan,     nan,     nan         nan      0    0.00, 0.00, 0.00, 0.00, 0.00, 0.00, 0.00, 0.00, 0.00, 0.00   0
     nan,     nan,     nan,     nan,     nan,     nan         nan      0    0.00, 0.00, 0.00, 0.00, 0.00, 0.00, 0.00, 0.00, 0.00, 0.00   0
     nan,     nan,     nan,     nan,     nan,     nan         nan      0    0.00, 0.00, 0.00, 0.00, 0.00, 0.00, 0.00, 0.00, 0.00, 0.00   0
     nan,     nan,     nan,     nan,     nan,     nan         nan      0    0.00, 0.00, 0.00, 0.00, 0.00, 0.00, 0.00, 0.00, 0.00, 0.00   0
     nan,     nan,     nan,     nan,     nan,     nan         nan      0    0.00, 0.00, 0.00, 0.00, 0.00, 0.00, 0.00, 0.00, 0.00, 0.00   0
     nan,     nan,     nan,     nan,     nan,     nan         nan      0    0.00, 0.00, 0.00, 0.00, 0.00, 0.00, 0.00, 0.00, 0.00, 0.00   0
     nan,     nan,     nan,     nan,     nan,     nan         nan      0    0.00, 0.00, 0.00, 0.00, 0.00, 0.00, 0.00, 0.00, 0.00, 0.00   0
     nan,     nan,     nan,     nan,     nan,     nan         nan      0    0.00, 0.00, 0.00, 0.00, 0.00, 0.00, 0.00, 0.00, 0.00, 0.00   0
     nan,     nan,     nan,     nan,     nan,     nan         nan      0    0.00, 0.00, 0.00, 0.00, 0.00, 0.00, 0.00, 0.00, 0.00, 0.00   0
     nan,     nan,     nan,     nan,     nan,     nan         nan      0    0.00, 0.00, 0.00, 0.00, 0.00, 0.00, 0.00, 0.00, 0.00, 0.00   0
     nan,     nan,     nan,     nan,     nan,     nan         nan      0    0.00, 0.00, 0.00, 0.00, 0.00, 0.00, 0.00, 0.00, 0.00, 0.00   0
     nan,     nan,     nan,     nan,     nan,     nan         nan      0    0.00, 0.00, 0.00, 0.00, 0.00, 0.00, 0.00, 0.00, 0.00, 0.00   0
     nan,     nan,     nan,     nan,     nan,     nan         nan      0    0.00, 0.00, 0.00, 0.00, 0.00, 0.00, 0.00, 0.00, 0.00, 0.00   0
     nan,     nan,     nan,     nan,     nan,     nan         nan      0    0.00, 0.00, 0.00, 0.00, 0.00, 0.00, 0.00, 0.00, 0.00, 0.00   0
     nan,     nan,     nan,     nan,     nan,     nan         nan      0    0.00, 0.00, 0.00, 0.00, 0.00, 0.00, 0.00, 0.00, 0.00, 0.00   0
     nan,     nan,     nan,     nan,     nan,     nan         nan      0    0.00, 0.00, 0.00, 0.00, 0.00, 0.00, 0.00, 0.00, 0.00, 0.00   0
     nan,     nan,     nan,     nan,     nan,     nan         nan      0    0.00, 0.00, 0.00, 0.00, 0.00, 0.00, 0.00, 0.00, 0.00, 0.00   0
     nan,     nan,     nan,     nan,     nan,     nan         nan      0    0.00, 0.00, 0.00, 0.00, 0.00, 0.00, 0.00, 0.00, 0.00, 0.00   0
     nan,     nan,     nan,     nan,     nan,     nan         nan      0    0.00, 0.00, 0.00, 0.00, 0.00, 0.00, 0.00, 0.00, 0.00, 0.00   0
     nan,     nan,     nan,     nan,     nan,     nan         nan      0    0.00, 0.00, 0.00, 0.00, 0.00, 0.00, 0.00, 0.00, 0.00, 0.00   0
     nan,     nan,     nan,     nan,     nan,     nan         nan      0    0.00, 0.00, 0.00, 0.00, 0.00, 0.00, 0.00, 0.00, 0.00, 0.00   0
     nan,     nan,     nan,     nan,     nan,     nan         nan      0    0.00, 0.00, 0.00, 0.00, 0.00, 0.00, 0.00, 0.00, 0.00, 0.00   0
     nan,     nan,     nan,     nan,     nan,     nan         nan      0    0.00, 0.00, 0.00, 0.00, 0.00, 0.00, 0.00, 0.00, 0.00, 0.00   0
     nan,     nan,     nan,     nan,     nan,     nan         nan      0    0.00, 0.00, 0.00, 0.00, 0.00, 0.00, 0.00, 0.00, 0.00, 0.00   0
     nan,     nan,     nan,     nan,     nan,     nan         nan      0    0.00, 0.00, 0.00, 0.00, 0.00, 0.00, 0.00, 0.00, 0.00, 0.00   0
     nan,     nan,     nan,     nan,     nan,     nan         nan      0    0.00, 0.00, 0.00, 0.00, 0.00, 0.00, 0.00, 0.00, 0.00, 0.00   0
     nan,     nan,     nan,     nan,     nan,     nan         nan      0    0.00, 0.00, 0.00, 0.00, 0.00, 0.00, 0.00, 0.00, 0.00, 0.00   0
     nan,     nan,     nan,     nan,     nan,     nan         nan      0    0.00, 0.00, 0.00, 0.00, 0.00, 0.00, 0.00, 0.00, 0.00, 0.00   0
     nan,     nan,     nan,     nan,     nan,     nan         nan      0    0.00, 0.00, 0.00, 0.00, 0.00, 0.00, 0.00, 0.00, 0.00, 0.00   0
     nan,     nan,     nan,     nan,     nan,     nan         nan      0    0.00, 0.00, 0.00, 0.00, 0.00, 0.00, 0.00, 0.00, 0.00, 0.00   0
     nan,     nan,     nan,     nan,     nan,     nan         nan      0    0.00, 0.00, 0.00, 0.00, 0.00, 0.00, 0.00, 0.00, 0.00, 0.00   0
     nan,     nan,     nan,     nan,     nan,     nan         nan      0    0.00, 0.00, 0.00, 0.00, 0.00, 0.00, 0.00, 0.00, 0.00, 0.00   0
     nan,     nan,     nan,     nan,     nan,     nan         nan      0    0.00, 0.00, 0.00, 0.00, 0.00, 0.00, 0.00, 0.00, 0.00, 0.00   0
     nan,     nan,     nan,     nan,     nan,     nan         nan      0    0.00, 0.00, 0.00, 0.00, 0.00, 0.00, 0.00, 0.00, 0.00, 0.00   0
     nan,     nan,     nan,     nan,     nan,     nan         nan      0    0.00, 0.00, 0.00, 0.00, 0.00, 0.00, 0.00, 0.00, 0.00, 0.00   0
     nan,     nan,     nan,     nan,     nan,     nan         nan      0    0.00, 0.00, 0.00, 0.00, 0.00, 0.00, 0.00, 0.00, 0.00, 0.00   0
     nan,     nan,     nan,     nan,     nan,     nan         nan      0    0.00, 0.00, 0.00, 0.00, 0.00, 0.00, 0.00, 0.00, 0.00, 0.00   0
     nan,     nan,     nan,     nan,     nan,     nan         nan      0    0.00, 0.00, 0.00, 0.00, 0.00, 0.00, 0.00, 0.00, 0.00, 0.00   0
     nan,     nan,     nan,     nan,     nan,     nan         nan      0    0.00, 0.00, 0.00, 0.00, 0.00, 0.00, 0.00, 0.00, 0.00, 0.00   0
     nan,     nan,     nan,     nan,     nan,     nan         nan      0    0.00, 0.00, 0.00, 0.00, 0.00, 0.00, 0.00, 0.00, 0.00, 0.00   0
     nan,     nan,     nan,     nan,     nan,     nan         nan      0    0.00, 0.00, 0.00, 0.00, 0.00, 0.00, 0.00, 0.00, 0.00, 0.00   0
     nan,     nan,     nan,     nan,     nan,     nan         nan      0    0.00, 0.00, 0.00, 0.00, 0.00, 0.00, 0.00, 0.00, 0.00, 0.00   0
     nan,     nan,     nan,     nan,     nan,     nan         nan      0    0.00, 0.00, 0.00, 0.00, 0.00, 0.00, 0.00, 0.00, 0.00, 0.00   0
     nan,     nan,     nan,     nan,     nan,     nan         nan      0    0.00, 0.00, 0.00, 0.00, 0.00, 0.00, 0.00, 0.00, 0.00, 0.00   0
     nan,     nan,     nan,     nan,     nan,     nan         nan      0    0.00, 0.00, 0.00, 0.00, 0.00, 0.00, 0.00, 0.00, 0.00, 0.00   0
     nan,     nan,     nan,     nan,     nan,     nan         nan      0    0.00, 0.00, 0.00, 0.00, 0.00, 0.00, 0.00, 0.00, 0.00, 0.00   0
     nan,     nan,     nan,     nan,     nan,     nan         nan      0    0.00, 0.00, 0.00, 0.00, 0.00, 0.00, 0.00, 0.00, 0.00, 0.00   0
     nan,     nan,     nan,     nan,     nan,     nan         nan      0    0.00, 0.00, 0.00, 0.00, 0.00, 0.00, 0.00, 0.00, 0.00, 0.00   0
     nan,     nan,     nan,     nan,     nan,     nan         nan      0    0.00, 0.00, 0.00, 0.00, 0.00, 0.00, 0.00, 0.00, 0.00, 0.00   0
     nan,     nan,     nan,     nan,     nan,     nan         nan      0    0.00, 0.00, 0.00, 0.00, 0.00, 0.00, 0.00, 0.00, 0.00, 0.00   0
     nan,     nan,     nan,     nan,     nan,     nan         nan      0    0.00, 0.00, 0.00, 0.00, 0.00, 0.00, 0.00, 0.00, 0.00, 0.00   0
     nan,     nan,     nan,     nan,     nan,     nan         nan      0    0.00, 0.00, 0.00, 0.00, 0.00, 0.00, 0.00, 0.00, 0.00, 0.00   0
     nan,     nan,     nan,     nan,     nan,     nan         nan      0    0.00, 0.00, 0.00, 0.00, 0.00, 0.00, 0.00, 0.00, 0.00, 0.00   0
     nan,     nan,     nan,     nan,     nan,     nan         nan      0    0.00, 0.00, 0.00, 0.00, 0.00, 0.00, 0.00, 0.00, 0.00, 0.00   0
     nan,     nan,     nan,     nan,     nan,     nan         nan      0    0.00, 0.00, 0.00, 0.00, 0.00, 0.00, 0.00, 0.00, 0.00, 0.00   0
     nan,     nan,     nan,     nan,     nan,     nan         nan      0    0.00, 0.00, 0.00, 0.00, 0.00, 0.00, 0.00, 0.00, 0.00, 0.00   0
     nan,     nan,     nan,     nan,     nan,     nan         nan      0    0.00, 0.00, 0.00, 0.00, 0.00, 0.00, 0.00, 0.00, 0.00, 0.00   0
     nan,     nan,     nan,     nan,     nan,     nan         nan      0    0.00, 0.00, 0.00, 0.00, 0.00, 0.00, 0.00, 0.00, 0.00, 0.00   0
     nan,     nan,     nan,     nan,     nan,     nan         nan      0    0.00, 0.00, 0.00, 0.00, 0.00, 0.00, 0.00, 0.00, 0.00, 0.00   0
     nan,     nan,     nan,     nan,     nan,     nan         nan      0    0.00, 0.00, 0.00, 0.00, 0.00, 0.00, 0.00, 0.00, 0.00, 0.00   0
     nan,     nan,     nan,     nan,     nan,     nan         nan      0    0.00, 0.00, 0.00, 0.00, 0.00, 0.00, 0.00, 0.00, 0.00, 0.00   0
     nan,     nan,     nan,     nan,     nan,     nan         nan      0    0.00, 0.00, 0.00, 0.00, 0.00, 0.00, 0.00, 0.00, 0.00, 0.00   0
     nan,     nan,     nan,     nan,     nan,     nan         nan      0    0.00, 0.00, 0.00, 0.00, 0.00, 0.00, 0.00, 0.00, 0.00, 0.00   0
     nan,     nan,     nan,     nan,     nan,     nan         nan      0    0.00, 0.00, 0.00, 0.00, 0.00, 0.00, 0.00, 0.00, 0.00, 0.00   0
     nan,     nan,     nan,     nan,     nan,     nan         nan      0    0.00, 0.00, 0.00, 0.00, 0.00, 0.00, 0.00, 0.00, 0.00, 0.00   0
     nan,     nan,     nan,     nan,     nan,     nan         nan      0    0.00, 0.00, 0.00, 0.00, 0.00, 0.00, 0.00, 0.00, 0.00, 0.00   0
     nan,     nan,     nan,     nan,     nan,     nan         nan      0    0.00, 0.00, 0.00, 0.00, 0.00, 0.00, 0.00, 0.00, 0.00, 0.00   0
     nan,     nan,     nan,     nan,     nan,     nan         nan      0    0.00, 0.00, 0.00, 0.00, 0.00, 0.00, 0.00, 0.00, 0.00, 0.00   0
     nan,     nan,     nan,     nan,     nan,     nan         nan      0    0.00, 0.00, 0.00, 0.00, 0.00, 0.00, 0.00, 0.00, 0.00, 0.00   0
     nan,     nan,     nan,     nan,     nan,     nan         nan      0    0.00, 0.00, 0.00, 0.00, 0.00, 0.00, 0.00, 0.00, 0.00, 0.00   0
     nan,     nan,     nan,     nan,     nan,     nan         nan      0    0.00, 0.00, 0.00, 0.00, 0.00, 0.00, 0.00, 0.00, 0.00, 0.00   0
     nan,     nan,     nan,     nan,     nan,     nan         nan      0    0.00, 0.00, 0.00, 0.00, 0.00, 0.00, 0.00, 0.00, 0.00, 0.00   0
     nan,     nan,     nan,     nan,     nan,     nan         nan      0    0.00, 0.00, 0.00, 0.00, 0.00, 0.00, 0.00, 0.00, 0.00, 0.00   0
     nan,     nan,     nan,     nan,     nan,     nan         nan      0    0.00, 0.00, 0.00, 0.00, 0.00, 0.00, 0.00, 0.00, 0.00, 0.00   0
     nan,     nan,     nan,     nan,     nan,     nan         nan      0    0.00, 0.00, 0.00, 0.00, 0.00, 0.00, 0.00, 0.00, 0.00, 0.00   0
     nan,     nan,     nan,     nan,     nan,     nan         nan      0    0.00, 0.00, 0.00, 0.00, 0.00, 0.00, 0.00, 0.00, 0.00, 0.00   0
     nan,     nan,     nan,     nan,     nan,     nan         nan      0    0.00, 0.00, 0.00, 0.00, 0.00, 0.00, 0.00, 0.00, 0.00, 0.00   0
     nan,     nan,     nan,     nan,     nan,     nan         nan      0    0.00, 0.00, 0.00, 0.00, 0.00, 0.00, 0.00, 0.00, 0.00, 0.00   0
     nan,     nan,     nan,     nan,     nan,     nan         nan      0    0.00, 0.00, 0.00, 0.00, 0.00, 0.00, 0.00, 0.00, 0.00, 0.00   0
     nan,     nan,     nan,     nan,     nan,     nan         nan      0    0.00, 0.00, 0.00, 0.00, 0.00, 0.00, 0.00, 0.00, 0.00, 0.00   0
     nan,     nan,     nan,     nan,     nan,     nan         nan      0    0.00, 0.00, 0.00, 0.00, 0.00, 0.00, 0.00, 0.00, 0.00, 0.00   0
     nan,     nan,     nan,     nan,     nan,     nan         nan      0    0.00, 0.00, 0.00, 0.00, 0.00, 0.00, 0.00, 0.00, 0.00, 0.00   0
     nan,     nan,     nan,     nan,     nan,     nan         nan      0    0.00, 0.00, 0.00, 0.00, 0.00, 0.00, 0.00, 0.00, 0.00, 0.00   0
     nan,     nan,     nan,     nan,     nan,     nan         nan      0    0.00, 0.00, 0.00, 0.00, 0.00, 0.00, 0.00, 0.00, 0.00, 0.00   0
     nan,     nan,     nan,     nan,     nan,     nan         nan      0    0.00, 0.00, 0.00, 0.00, 0.00, 0.00, 0.00, 0.00, 0.00, 0.00   0
     nan,     nan,     nan,     nan,     nan,     nan         nan      0    0.00, 0.00, 0.00, 0.00, 0.00, 0.00, 0.00, 0.00, 0.00, 0.00   0
     nan,     nan,     nan,     nan,     nan,     nan         nan      0    0.00, 0.00, 0.00, 0.00, 0.00, 0.00, 0.00, 0.00, 0.00, 0.00   0
     nan,     nan,     nan,     nan,     nan,     nan         nan      0    0.00, 0.00, 0.00, 0.00, 0.00, 0.00, 0.00, 0.00, 0.00, 0.00   0
     nan,     nan,     nan,     nan,     nan,     nan         nan      0    0.00, 0.00, 0.00, 0.00, 0.00, 0.00, 0.00, 0.00, 0.00, 0.00   0
     nan,     nan,     nan,     nan,     nan,     nan         nan      0    0.00, 0.00, 0.00, 0.00, 0.00, 0.00, 0.00, 0.00, 0.00, 0.00   0
     nan,     nan,     nan,     nan,     nan,     nan         nan      0    0.00, 0.00, 0.00, 0.00, 0.00, 0.00, 0.00, 0.00, 0.00, 0.00   0
     nan,     nan,     nan,     nan,     nan,     nan         nan      0    0.00, 0.00, 0.00, 0.00, 0.00, 0.00, 0.00, 0.00, 0.00, 0.00   0
     nan,     nan,     nan,     nan,     nan,     nan         nan      0    0.00, 0.00, 0.00, 0.00, 0.00, 0.00, 0.00, 0.00, 0.00, 0.00   0
     nan,     nan,     nan,     nan,     nan,     nan         nan      0    0.00, 0.00, 0.00, 0.00, 0.00, 0.00, 0.00, 0.00, 0.00, 0.00   0
     nan,     nan,     nan,     nan,     nan,     nan         nan      0    0.00, 0.00, 0.00, 0.00, 0.00, 0.00, 0.00, 0.00, 0.00, 0.00   0
